Combination	AllIn	Call	Fold	Total
66	0.000	1.000	0.000	1.000
76o	0.000	1.000	0.000	1.000
76s	0.000	1.000	0.000	1.000
77	0.000	1.000	0.000	1.000
86o	0.000	1.000	0.000	1.000
86s	0.000	1.000	0.000	1.000
87o	0.000	1.000	0.000	1.000
87s	0.000	1.000	0.000	1.000
88	0.000	1.000	0.000	1.000
96o	0.000	1.000	0.000	1.000
96s	0.000	1.000	0.000	1.000
97o	0.000	1.000	0.000	1.000
97s	0.000	1.000	0.000	1.000
98o	0.000	1.000	0.000	1.000
98s	0.000	1.000	0.000	1.000
99	0.000	1.000	0.000	1.000
A6o	0.000	1.000	0.000	1.000
A6s	0.000	1.000	0.000	1.000
A7o	0.000	1.000	0.000	1.000
A7s	0.000	1.000	0.000	1.000
A8o	0.000	1.000	0.000	1.000
A8s	0.000	1.000	0.000	1.000
A9o	0.000	1.000	0.000	1.000
A9s	0.000	1.000	0.000	1.000
AA	0.000	1.000	0.000	1.000
AJo	0.000	1.000	0.000	1.000
AJs	0.000	1.000	0.000	1.000
AKo	0.000	1.000	0.000	1.000
AKs	0.000	1.000	0.000	1.000
AQo	0.000	1.000	0.000	1.000
AQs	0.000	1.000	0.000	1.000
ATo	0.000	1.000	0.000	1.000
ATs	0.000	1.000	0.000	1.000
J6o	0.000	1.000	0.000	1.000
J6s	0.000	1.000	0.000	1.000
J7o	0.000	1.000	0.000	1.000
J7s	0.000	1.000	0.000	1.000
J8o	0.000	1.000	0.000	1.000
J8s	0.000	1.000	0.000	1.000
J9o	0.000	1.000	0.000	1.000
J9s	0.000	1.000	0.000	1.000
JJ	0.000	1.000	0.000	1.000
JTo	0.000	1.000	0.000	1.000
JTs	0.000	1.000	0.000	1.000
K6o	0.000	1.000	0.000	1.000
K6s	0.000	1.000	0.000	1.000
K7o	0.000	1.000	0.000	1.000
K7s	0.000	1.000	0.000	1.000
K8o	0.000	1.000	0.000	1.000
K8s	0.000	1.000	0.000	1.000
K9o	0.000	1.000	0.000	1.000
K9s	0.000	1.000	0.000	1.000
KJo	0.000	1.000	0.000	1.000
KJs	0.000	1.000	0.000	1.000
KK	0.000	1.000	0.000	1.000
KQo	0.000	1.000	0.000	1.000
KQs	0.000	1.000	0.000	1.000
KTo	0.000	1.000	0.000	1.000
KTs	0.000	1.000	0.000	1.000
Q6o	0.000	1.000	0.000	1.000
Q6s	0.000	1.000	0.000	1.000
Q7o	0.000	1.000	0.000	1.000
Q7s	0.000	1.000	0.000	1.000
Q8o	0.000	1.000	0.000	1.000
Q8s	0.000	1.000	0.000	1.000
Q9o	0.000	1.000	0.000	1.000
Q9s	0.000	1.000	0.000	1.000
QJo	0.000	1.000	0.000	1.000
QJs	0.000	1.000	0.000	1.000
QQ	0.000	1.000	0.000	1.000
QTo	0.000	1.000	0.000	1.000
QTs	0.000	1.000	0.000	1.000
T6o	0.000	1.000	0.000	1.000
T6s	0.000	1.000	0.000	1.000
T7o	0.000	1.000	0.000	1.000
T7s	0.000	1.000	0.000	1.000
T8o	0.000	1.000	0.000	1.000
T8s	0.000	1.000	0.000	1.000
T9o	0.000	1.000	0.000	1.000
T9s	0.000	1.000	0.000	1.000
TT	0.000	1.000	0.000	1.000
